"","player_name","year","masters_finish","total_score","ranking","top_10","wins","score_average","rounds","bounce_back","driving_accuracy","driving_distance","par5_SA","gir","hole_proximity","putts_round","scramble","sg_putt","sg_t2g","sg_total","mast_last","m_play","wgr","points_gained","m_cut","top_25","new_score"
"Aaron Baddeley","Aaron Baddeley",2018,NA,NA,141,1,0,70.85,84,19.25,53.27,295.3,4.67,63.39,3521.417,28.85,61.09,-0.057,0.366,0.309,NA,"0",202,18.116,NA,NA,NA
"Aaron Wise","Aaron Wise",2018,NA,NA,24,4,1,70.247,90,21.63,63.33,302.9,4.63,68.81,4348.917,29.15,56.28,0.238,0.464,0.703,NA,"0",63,9.335,NA,NA,NA
"Abraham Ancer","Abraham Ancer",2018,NA,NA,78,5,0,70.659,98,17.7,63.64,296.1,4.63,66.49,4501.25,28.91,62.69,-0.056,0.376,0.32,NA,"0",59,17.605,NA,NA,NA
"Adam Hadwin","Adam Hadwin",2018,NA,NA,128,3,0,70.75,92,19.31,65.6,289.4,4.7,68.04,3343.667,29.26,58.59,0.106,0.49,0.596,24,"1",68,28.431,NA,NA,NA
"Adam Schenk","Adam Schenk",2018,NA,NA,161,1,0,71.37,86,18.78,57.67,305.5,4.68,67.92,3995.083,29.95,54.55,0.13,-0.28,-0.15,NA,"0",290,8.065,NA,NA,NA
"Adam Scott","Adam Scott",2018,NA,NA,45,3,0,70.42,78,17.12,62.51,304.6,4.64,70.66,2928.417,30.15,54.85,-0.285,1.064,0.779,32,"1",29,55.38,NA,NA,NA
"Alex Cejka","Alex Cejka",2018,NA,NA,64,2,0,70.675,77,19.54,66.49,286.7,4.65,63.77,2939.583,28.52,64,0.009,0.302,0.312,NA,"0",64,0,NA,NA,NA
"Alex Noren","Alex Noren",2018,NA,NA,96,3,0,69.973,67,15.03,61.73,299.2,4.56,64.91,2948.917,28.97,61.74,0.758,0.286,1.044,99,"1",28,1.597,NA,NA,NA
"Andrew Landry","Andrew Landry",2018,NA,NA,134,5,1,71.059,82,19.82,62.92,291.1,4.72,65.63,4053.083,28.96,56.97,-0.01,-0.029,-0.039,NA,"0",121,7.107,NA,NA,NA
"Andrew Putnam","Andrew Putnam",2018,NA,NA,109,5,1,70.579,97,23.15,60.42,293.8,4.7,70.47,3762.75,29.36,61.52,0.052,0.42,0.472,NA,"0",53,38.646,NA,NA,NA
"Andrew Yun","Andrew Yun",2018,NA,NA,193,0,0,73.624,51,17.49,53.58,290.6,4.88,61.85,2039.833,30.2,44.01,-0.6,-1.336,-1.936,NA,"0",193,0,NA,NA,NA
"Anirban Lahiri","Anirban Lahiri",2018,NA,NA,136,4,0,70.66,82,15.68,60.09,294,4.7,64.7,3725.417,28.99,58.35,0.199,-0.095,0.104,NA,"0",191,1.43,NA,NA,NA
"Austin Cook","Austin Cook",2018,NA,NA,44,3,1,70.469,107,20.51,66.76,292.3,4.67,66.51,4700.167,28.72,62.02,0.315,0.254,0.569,99,"1",151,0,NA,NA,NA
"Beau Hossler","Beau Hossler",2018,NA,NA,23,5,0,70.574,104,22.9,60.47,300,4.63,67.95,5038.417,28.92,60,0.685,-0.101,0.584,NA,"0",99,6.602,NA,NA,NA
"Ben Crane","Ben Crane",2018,NA,NA,93,1,0,71.097,65,24.52,67.52,281.1,4.7,64.88,2397.667,28.69,63,0.332,-0.157,0.176,NA,"0",93,0,NA,NA,NA
"Ben Martin","Ben Martin",2018,NA,NA,111,1,0,70.974,64,25.56,63.52,289.6,4.72,63.98,3424.833,28.58,58.8,0.118,-0.119,-0.001,NA,"0",111,0,NA,NA,NA
"Ben Silverman","Ben Silverman",2018,NA,NA,142,2,0,71.281,90,18.11,65.56,290.2,4.65,64.95,4389.5,28.74,57.36,0.238,-0.444,-0.206,NA,"0",142,0,NA,NA,NA
"Bill Haas","Bill Haas",2018,NA,NA,151,1,0,71.028,76,16.92,57.27,296.2,4.66,64.79,3558.75,29.23,60.34,-0.059,0.139,0.079,NA,"0",297,1.408,NA,NA,NA
"Billy Horschel","Billy Horschel",2018,NA,NA,10,6,1,70.154,86,23.32,67.8,295.4,4.52,71.75,3824.417,29.46,58.03,0.392,0.72,1.112,99,"1",40,25.875,NA,NA,NA
"Billy Hurley III","Billy Hurley III",2018,NA,NA,177,0,0,71.715,70,20.49,59.24,284,4.72,63.02,3031.083,29.09,54.93,0.025,-0.727,-0.702,NA,"0",177,0,NA,NA,NA
"Blayne Barber","Blayne Barber",2018,NA,NA,71,0,0,70.835,69,22.35,64.67,294.7,4.62,69.98,2632.417,29.66,57.46,-0.022,-0.019,-0.041,NA,"0",71,0,NA,NA,NA
"Branden Grace","Branden Grace",2018,NA,NA,61,2,0,70.412,67,27.68,63.49,298.9,4.64,67.1,2403.167,29.34,57.78,0.35,0.463,0.812,24,"1",42,40.749,NA,NA,NA
"Brandon Harkins","Brandon Harkins",2018,NA,NA,28,3,0,70.721,101,23.3,54.79,303.1,4.62,65.67,4808.583,28.86,55.88,0.225,0.05,0.275,NA,"0",274,5.783,NA,NA,NA
"Brandt Snedeker","Brandt Snedeker",2018,NA,NA,35,4,1,70.379,84,19.72,62.79,293.1,4.64,65.04,3713.917,28.63,60.08,0.478,0.147,0.625,NA,"0",46,25.478,NA,NA,NA
"Brendan Steele","Brendan Steele",2018,NA,NA,104,3,1,71.021,74,20.69,60.47,310.3,4.64,69.24,3064.833,30.36,52.56,-0.576,0.604,0.029,99,"1",144,4.64,NA,NA,NA
"Brett Stegmaier","Brett Stegmaier",2018,NA,NA,83,0,0,71.191,67,21.12,58.38,295.4,4.61,70.31,2223.583,29.48,56.44,0.401,-0.353,0.048,NA,"0",83,0,NA,NA,NA
"Brian Gay","Brian Gay",2018,NA,NA,43,6,0,70.28,103,19.61,71.37,282.9,4.61,64.52,4501.833,28.25,63.26,0.442,0.123,0.565,NA,"0",128,14.168,NA,NA,NA
"Brian Harman","Brian Harman",2018,NA,NA,80,8,0,70.536,94,24.14,67.14,291.9,4.64,67.59,3786.917,29.29,56.95,0.273,0.017,0.29,44,"1",74,14.912,NA,NA,NA
"Brian Stuard","Brian Stuard",2018,NA,NA,143,3,0,71.038,103,16.73,71.44,278.9,4.73,67.12,4035.25,29.11,59.23,0.164,-0.101,0.062,NA,"0",245,12.978,NA,NA,NA
"Brice Garnett","Brice Garnett",2018,NA,NA,144,2,1,71.018,99,21.65,64.45,296.7,4.64,66.78,4243.167,29.34,58.63,-0.076,-0.234,-0.31,NA,"0",127,8.8,NA,NA,NA
"Bronson Burgoon","Bronson Burgoon",2018,NA,NA,34,2,0,70.701,69,20,64.53,302.8,4.56,68.44,2991.333,29.55,55.61,0.107,0.373,0.481,NA,"0",156,0,NA,NA,NA
"Brooks Koepka","Brooks Koepka",2018,NA,NA,7,6,2,69.444,64,20.53,56.85,313.4,4.49,68.28,2554.917,28.76,63.28,0.168,1.052,1.22,NA,"0",3,38.686,NA,NA,NA
"Bryson DeChambeau","Bryson DeChambeau",2018,NA,NA,9,9,3,69.646,93,24.47,62.23,305.7,4.51,69.65,4102.667,29.18,59.84,0.346,1.212,1.558,38,"1",6,83.736,NA,NA,NA
"Bubba Watson","Bubba Watson",2018,NA,NA,41,6,3,70.384,90,25.46,58.27,313.1,4.54,68.21,4289.417,29.33,56.64,0.001,0.554,0.555,5,"1",17,30.197,NA,NA,NA
"Bud Cauley","Bud Cauley",2018,NA,NA,135,2,0,71.356,55,19.05,60.81,295.4,4.66,64.26,2006.167,28.58,60.12,0.367,0.094,0.461,NA,"0",176,15.086,NA,NA,NA
"Byeong Hun An","Byeong Hun An",2018,NA,NA,58,4,0,70.19,86,17.51,60.19,307.9,4.62,67.99,3617.083,29.31,61.16,-0.285,1.091,0.805,NA,"0",51,23.432,NA,NA,NA
"C.T. Pan","C.T. Pan",2018,NA,NA,51,2,0,70.457,104,23.85,68.98,292.7,4.63,71.2,3845.333,29.66,56.89,-0.067,0.544,0.478,NA,"0",113,1.856,NA,NA,NA
"Cameron Percy","Cameron Percy",2018,NA,NA,20,2,0,70.909,56,18.8,63.66,295.6,4.51,69.56,1816.917,29.36,57.3,-0.205,0.49,0.285,NA,"0",20,0,NA,NA,NA
"Cameron Smith","Cameron Smith",2018,NA,NA,63,7,0,70.517,85,24.3,57.03,298.4,4.58,63.18,3160.833,28.36,61.12,0.115,0.104,0.219,5,"1",25,31.423,NA,NA,NA
"Cameron Tringale","Cameron Tringale",2018,NA,NA,184,0,0,72.146,67,23.71,51.99,289.3,4.71,65.52,2513.417,29.81,55.24,-0.104,-0.915,-1.019,NA,"0",184,0,NA,NA,NA
"Chad Campbell","Chad Campbell",2018,NA,NA,174,2,0,71.683,87,13.45,64.7,286.5,4.7,65.54,3494.667,29.75,59.39,-0.454,-0.029,-0.484,NA,"0",174,0,NA,NA,NA
"Charl Schwartzel","Charl Schwartzel",2018,NA,NA,180,3,0,71.349,65,12.9,55.19,299.5,4.73,61.11,2528,28.74,57.88,0.081,-0.276,-0.195,99,"1",98,8.52,NA,NA,NA
"Charles Howell III","Charles Howell III",2018,NA,NA,46,4,0,70.219,104,21.89,62.59,300.9,4.61,69.33,3711.667,29.5,60.87,0.219,0.582,0.801,NA,"0",44,47.098,NA,NA,NA
"Charley Hoffman","Charley Hoffman",2018,NA,NA,111,0,0,70.521,87,25,58.34,299.5,4.65,66.53,3662.75,29.19,56.22,0.026,0.398,0.425,12,"1",86,3.39,NA,NA,NA
"Chesson Hadley","Chesson Hadley",2018,NA,NA,26,7,0,70.311,103,22.64,60.07,300,4.61,67.68,4444.667,28.99,56.6,0.208,0.65,0.859,NA,"0",77,10.712,NA,NA,NA
"Chez Reavie","Chez Reavie",2018,NA,NA,78,3,0,70.432,93,22.75,72.24,286.5,4.73,68.67,2984.583,29.12,62.27,0.192,0.483,0.674,53,"1",56,31.506,NA,NA,NA
"Chris Kirk","Chris Kirk",2018,NA,NA,32,4,0,70.411,108,18.8,64.64,289.8,4.61,68.24,4000.167,28.9,63.53,0.073,0.659,0.732,NA,"0",168,8.485,NA,NA,NA
"Chris Stroud","Chris Stroud",2018,NA,NA,149,1,0,71.628,81,21.23,62.24,289.8,4.71,62.94,3354.5,28.78,59.96,0.053,-0.391,-0.338,NA,"0",234,16.169,NA,NA,NA
"Cody Gribble","Cody Gribble",2018,NA,NA,165,0,0,72.112,71,19.63,55.45,301,4.76,62.48,3504.417,28.88,53.3,0.201,-1.02,-0.819,NA,"0",165,0,NA,NA,NA
"Conrad Shindler","Conrad Shindler",2018,NA,NA,128,0,0,71.465,60,18.24,65.77,291.3,4.59,66.27,1999.75,29.14,60,-0.166,-0.147,-0.313,NA,"0",128,0,NA,NA,NA
"Corey Conners","Corey Conners",2018,NA,NA,101,1,0,70.743,97,23.41,62.99,303.3,4.63,70.19,3915,29.84,57.52,-0.385,0.579,0.193,NA,"0",189,16.77,NA,NA,NA
"D.A. Points","D.A. Points",2018,NA,NA,161,1,0,73.019,63,20.45,60.47,280.8,4.76,60.2,2428.667,29.1,53.32,0.11,-1.559,-1.449,NA,"0",161,0,NA,NA,NA
"Daniel Berger","Daniel Berger",2018,NA,NA,86,1,0,70.32,81,20.38,64.58,297.7,4.6,66.89,3401.25,29.42,58.94,0.319,0.497,0.816,32,"1",76,14.979,NA,NA,NA
"Daniel Summerhays","Daniel Summerhays",2018,NA,NA,185,1,0,73.177,51,16.25,54.69,287.1,4.69,56.79,2599.083,27.82,54.86,0.736,-2.84,-2.105,NA,"0",185,0,NA,NA,NA
"Danny Lee","Danny Lee",2018,NA,NA,76,3,0,71.196,88,19.41,62.65,290.6,4.73,65.05,3576.75,28.56,60.81,0.156,-0.099,0.058,NA,"0",108,3.133,NA,NA,NA
"David Hearn","David Hearn",2018,NA,NA,125,2,0,71.325,66,18.82,66.63,285.1,4.65,68.89,2149,29.58,55.65,-0.127,0.095,-0.031,NA,"0",125,0,NA,NA,NA
"David Lingmerth","David Lingmerth",2018,NA,NA,116,0,0,71.043,82,22.81,68.93,285.4,4.67,63.03,3777.75,28.5,58.57,0.229,-0.235,-0.007,NA,"0",116,0,NA,NA,NA
"Denny McCarthy","Denny McCarthy",2018,NA,NA,132,1,0,70.861,71,21.71,63.45,295.4,4.63,68.17,2577.167,29.41,59.83,0.449,-0.355,0.094,NA,"0",183,4.733,NA,NA,NA
"Derek Fathauer","Derek Fathauer",2018,NA,NA,179,1,0,71.827,84,20.53,53.27,289.1,4.7,60.35,3862.917,28.46,54.99,0.363,-1.17,-0.807,NA,"0",179,0,NA,NA,NA
"Dominic Bozzelli","Dominic Bozzelli",2018,NA,NA,157,0,0,71.179,65,21.83,55.69,297,4.74,60.94,3631.333,28.18,58.86,0.308,-0.363,-0.055,NA,"0",157,0,NA,NA,NA
"Dustin Johnson","Dustin Johnson",2018,NA,NA,1,12,3,68.698,77,29.38,59.46,314,4.47,70.57,2848,28.47,62.5,0.385,1.987,2.372,10,"1",1,163.322,NA,NA,NA
"Emiliano Grillo","Emiliano Grillo",2018,NA,NA,21,6,0,70.152,94,23.29,70.16,295.2,4.64,68.84,3760.167,29.04,61.05,0.546,0.587,1.133,NA,"0",54,11.315,NA,NA,NA
"Ethan Tracy","Ethan Tracy",2018,NA,NA,155,0,0,72.038,72,16.89,60.25,299,4.73,64.87,3114.5,29.44,54.88,-0.026,-0.787,-0.813,NA,"0",155,0,NA,NA,NA
"Fabián Gómez","Fabián Gómez",2018,NA,NA,139,0,0,71.02,88,15.53,64.99,291.1,4.63,67.86,3607,29.38,58.85,0.001,-0.107,-0.106,NA,"0",139,0,NA,NA,NA
"Francesco Molinari","Francesco Molinari",2018,NA,NA,33,5,2,69.797,73,18.24,65.04,301,4.61,70.24,2833.667,29.63,58.67,-0.487,1.61,1.123,20,"1",7,73.858,NA,NA,NA
"Gary Woodland","Gary Woodland",2018,NA,NA,29,3,1,70.161,96,17.9,63.69,313.5,4.52,70.51,3872.333,29.93,54.45,0.007,1.059,1.066,99,"1",23,61.763,NA,NA,NA
"Graeme McDowell","Graeme McDowell",2018,NA,NA,164,1,0,71.001,67,20.61,64.92,293.2,4.69,64.5,2634.417,29.2,59.95,0.478,0.219,0.697,NA,"0",262,4.62,NA,NA,NA
"Grayson Murray","Grayson Murray",2018,NA,NA,122,2,0,72.091,72,22.49,56,307.3,4.79,62.5,3512.75,28.94,54.32,-0.35,0.014,-0.336,NA,"0",122,0,NA,NA,NA
"Greg Chalmers","Greg Chalmers",2018,NA,NA,187,1,0,72.531,56,16.3,58.9,282.8,4.77,56.94,2783.083,28.31,52.85,0.79,-2.056,-1.266,NA,"0",187,0,NA,NA,NA
"Harold Varner III","Harold Varner III",2018,NA,NA,88,3,0,70.971,91,21.2,59.02,308.2,4.6,67.79,3933.667,29.56,58.14,-0.024,0.149,0.125,NA,"0",162,9.326,NA,NA,NA
"Harris English","Harris English",2018,NA,NA,131,2,0,71.162,84,18.97,58.99,302.4,4.62,63.32,4006.333,28.76,57.86,0.222,-0.406,-0.184,NA,"0",131,0,NA,NA,NA
"Henrik Stenson","Henrik Stenson",2018,NA,NA,30,5,0,69.617,60,26.32,75.19,291.5,4.55,73.51,1912.667,29.93,60.67,-0.207,1.36,1.153,5,"1",39,6.12,NA,NA,NA
"Hideki Matsuyama","Hideki Matsuyama",2018,NA,NA,6,4,0,70.022,75,22.86,62.82,302,4.63,69.29,2728.5,29.21,60.8,0.132,1.064,1.196,19,"1",24,53.664,NA,NA,NA
"Hudson Swafford","Hudson Swafford",2018,NA,NA,69,0,0,71.619,73,23.88,64.57,302.8,4.61,68.99,2573.833,30.03,54.01,-0.26,-0.232,-0.492,NA,"0",238,17.1,NA,NA,NA
"Hunter Mahan","Hunter Mahan",2018,NA,NA,90,1,0,71.135,67,18.87,65.04,296.9,4.66,68.96,2850.833,29.02,58.81,0.346,-0.137,0.209,NA,"0",90,0,NA,NA,NA
"Ian Poulter","Ian Poulter",2018,NA,NA,84,4,1,70.593,73,17.22,66.41,293.6,4.62,67.01,2564.75,28.97,57.11,0.223,0.627,0.85,44,"1",32,63.304,NA,NA,NA
"J.B. Holmes","J.B. Holmes",2018,NA,NA,49,3,0,70.789,77,17.21,57.13,306.1,4.63,65.26,3484.167,29.01,57.14,-0.207,0.756,0.549,NA,"0",45,66.623,NA,NA,NA
"J.J. Henry","J.J. Henry",2018,NA,NA,170,1,0,71.372,81,16.83,66.22,291.8,4.71,70.52,2946.833,30.37,54.77,-0.569,0.376,-0.193,NA,"0",170,0,NA,NA,NA
"J.J. Spaun","J.J. Spaun",2018,NA,NA,56,4,0,70.525,85,23.61,66.18,298.2,4.63,69.48,3786.833,29.63,55.76,-0.149,0.441,0.292,NA,"0",56,0,NA,NA,NA
"J.T. Poston","J.T. Poston",2018,NA,NA,59,2,0,70.915,73,22.16,61.53,300.7,4.73,68.31,3152.25,29.07,57.53,0.135,0.003,0.138,NA,"0",59,0,NA,NA,NA
"James Hahn","James Hahn",2018,NA,NA,68,1,0,70.896,85,19.72,63.73,298.7,4.61,68.29,3700.75,29.5,59.62,-0.152,0.431,0.279,NA,"0",215,0,NA,NA,NA
"Jamie Lovemark","Jamie Lovemark",2018,NA,NA,56,3,0,70.734,92,20,56.92,303.2,4.6,64.65,4022.917,28.64,61.07,0.01,0.378,0.388,NA,"0",179,0,NA,NA,NA
"Jason Day","Jason Day",2018,NA,NA,17,5,2,69.603,75,21.05,58.32,310,4.56,65.28,2410.167,28.24,62.35,0.77,0.515,1.285,20,"1",12,42.58,NA,NA,NA
"Jason Dufner","Jason Dufner",2018,NA,NA,163,2,0,71.323,71,17.35,63.3,297.1,4.68,64.24,2614.167,29.58,58.25,-0.058,0.068,0.011,99,"1",187,0,NA,NA,NA
"Jason Kokrak","Jason Kokrak",2018,NA,NA,36,4,0,70.444,99,20.31,58.06,309.5,4.58,70.37,4379,29.59,55.11,0.022,0.517,0.539,NA,"0",90,28.264,NA,NA,NA
"Jhonattan Vegas","Jhonattan Vegas",2018,NA,NA,173,1,0,71.275,92,23.11,57.91,303.6,4.62,65.17,3883.667,29.43,58.6,-0.059,0.089,0.03,38,"1",79,42.073,NA,NA,NA
"Jim Furyk","Jim Furyk",2018,NA,NA,175,2,0,70.342,50,18.18,69.91,280.5,4.68,63.19,1988.5,28.73,62.58,0.389,0.023,0.412,NA,"0",57,61.22,NA,NA,NA
"Jimmy Walker","Jimmy Walker",2018,NA,NA,122,4,0,70.786,81,20.55,53.49,299,4.74,61.9,3538.167,28.34,59.09,0.324,0.033,0.357,20,"1",104,2.797,NA,NA,NA
"Joel Dahmen","Joel Dahmen",2018,NA,NA,38,3,0,70.578,93,22.55,66.36,295.8,4.66,68.82,3424,29.26,63.31,-0.277,0.677,0.4,NA,"0",160,19.3,NA,NA,NA
"John Huh","John Huh",2018,NA,NA,71,2,0,70.718,94,20.08,63.83,287.1,4.67,65.8,4435.167,28.82,57.94,0.167,0.083,0.251,NA,"0",71,0,NA,NA,NA
"Johnson Wagner","Johnson Wagner",2018,NA,NA,53,0,0,70.758,75,26.21,64.25,286.1,4.62,67.87,2399.667,28.65,65.41,0.623,0.092,0.715,NA,"0",53,0,NA,NA,NA
"Jon Rahm","Jon Rahm",2018,NA,NA,12,5,1,69.958,71,27.68,59.2,308.9,4.57,70.12,2448.25,29.14,57.18,-0.151,1.039,0.889,4,"1",10,54.436,NA,NA,NA
"Jonas Blixt","Jonas Blixt",2018,NA,NA,176,0,0,72.134,67,20.3,60.3,293.1,4.73,62.02,2686.583,29.1,56.83,0.244,-0.791,-0.547,NA,"0",176,0,NA,NA,NA
"Jonathan Byrd","Jonathan Byrd",2018,NA,NA,114,0,0,71.398,70,20,58.59,291.7,4.61,68.19,2221.417,29.5,58.31,-0.106,-0.16,-0.266,NA,"0",114,0,NA,NA,NA
"Jonathan Randolph","Jonathan Randolph",2018,NA,NA,180,1,0,71.945,71,16.67,62.18,289.4,4.69,60.43,3628.25,28.63,59.83,0.115,-0.992,-0.877,NA,"0",180,0,NA,NA,NA
"Jordan Spieth","Jordan Spieth",2018,NA,NA,14,5,0,69.904,81,21.59,61.55,299.8,4.55,70.47,3105.333,29.09,61.63,-0.034,0.863,0.83,3,"1",30,6.423,NA,NA,NA
"Justin Rose","Justin Rose",2018,NA,NA,5,11,2,68.993,70,27.4,66.02,303.5,4.53,69.95,2431.083,28.67,63.03,0.424,1.527,1.952,12,"1",2,73.22,NA,NA,NA
"Justin Thomas","Justin Thomas",2018,NA,NA,3,10,3,69.118,91,26.67,58.41,311.8,4.49,68.77,3087.083,28.33,62.47,0.272,1.563,1.835,17,"1",5,103.17,NA,NA,NA
"Keegan Bradley","Keegan Bradley",2018,NA,NA,31,5,1,70.303,98,19.92,67.9,299.6,4.57,69.18,4073.417,29.68,56.78,-0.358,1.151,0.793,NA,"0",33,25.923,NA,NA,NA
"Keith Mitchell","Keith Mitchell",2018,NA,NA,53,4,0,70.92,99,21.93,58.59,312.6,4.56,69.42,4339.167,29.65,56.55,-0.504,0.486,-0.018,NA,"0",58,65.09,NA,NA,NA
"Kelly Kraft","Kelly Kraft",2018,NA,NA,169,3,0,71.333,94,15.53,65.84,288.6,4.74,63.83,4009.667,28.92,58.93,0.075,-0.395,-0.32,NA,"0",193,9.92,NA,NA,NA
"Kevin Chappell","Kevin Chappell",2018,NA,NA,91,4,0,70.839,77,23.45,61.27,308.6,4.62,66.52,3535.083,29.64,56.28,-0.344,0.668,0.323,99,"1",91,0,NA,NA,NA
"Kevin Kisner","Kevin Kisner",2018,NA,NA,113,4,0,70.729,89,17.09,66.33,290.8,4.58,65.38,3428.333,28.91,60.29,0.513,-0.476,0.037,28,"1",50,15.85,NA,NA,NA
"Kevin Na","Kevin Na",2018,NA,NA,22,4,1,70.288,91,21.3,64.13,289.6,4.62,64.66,3089.167,28.07,63.62,0.533,0.268,0.801,NA,"0",60,5.323,NA,NA,NA
"Kevin Streelman","Kevin Streelman",2018,NA,NA,99,5,0,70.436,94,19.7,69.11,295.1,4.63,71.56,3825.333,29.67,60.93,-0.25,0.868,0.619,NA,"0",186,10.425,NA,NA,NA
"Kevin Tway","Kevin Tway",2018,NA,NA,74,3,0,70.8,110,20.42,52.61,310.1,4.56,66.88,4779.583,29.15,56.77,0.052,0.277,0.329,NA,"0",97,8.68,NA,NA,NA
"Kiradech Aphibarnrat","Kiradech Aphibarnrat",2018,NA,NA,122,2,0,70.629,51,18.35,65.12,294.7,4.64,62.2,1763.583,28.93,55.59,0.138,0.373,0.511,44,"1",41,28.167,NA,NA,NA
"Kyle Stanley","Kyle Stanley",2018,NA,NA,47,5,0,70.404,93,25.11,71.29,295.7,4.64,71.09,3433.667,29.89,54.8,0.037,0.649,0.686,52,"1",43,3.91,NA,NA,NA
"Kyle Thompson","Kyle Thompson",2018,NA,NA,188,0,0,72.673,50,21.12,62.99,285.3,4.79,62.44,2117.417,29.61,54.02,-0.75,-0.512,-1.262,NA,"0",188,0,NA,NA,NA
"Lanto Griffin","Lanto Griffin",2018,NA,NA,82,0,0,71.145,80,24.19,55.27,302.5,4.6,67.42,3398.333,29.42,55.76,-0.096,-0.173,-0.268,NA,"0",82,0,NA,NA,NA
"Louis Oosthuizen","Louis Oosthuizen",2018,NA,NA,100,3,0,70.157,62,15,64.81,299.8,4.67,65.74,1968.167,29.24,64.26,-0.026,0.548,0.521,12,"1",27,19.483,NA,NA,NA
"Lucas Glover","Lucas Glover",2018,NA,NA,121,1,0,71.066,65,19.3,65.06,297.7,4.6,67.12,2594.25,29.64,59.83,-0.186,0.462,0.276,NA,"0",84,32.357,NA,NA,NA
"Luke List","Luke List",2018,NA,NA,48,5,0,70.229,98,22.83,54.66,314.6,4.57,68.36,4045.667,29.45,58.41,-0.467,1.337,0.87,NA,"0",66,15.691,NA,NA,NA
"Mackenzie Hughes","Mackenzie Hughes",2018,NA,NA,153,1,0,71.282,80,21.3,60.04,294.9,4.71,66.01,3753.417,29.37,54.19,-0.177,0.163,-0.014,NA,"0",153,0,NA,NA,NA
"Marc Leishman","Marc Leishman",2018,NA,NA,37,6,0,70.26,93,22.58,60.17,298.5,4.65,66.67,3770.25,28.94,59.07,0.126,0.498,0.624,9,"1",18,50.417,NA,NA,NA
"Martin Flores","Martin Flores",2018,NA,NA,172,0,0,71.458,92,19.53,54.92,300,4.69,66.34,4027.333,29.36,54.89,-0.289,-0.278,-0.567,NA,"0",172,0,NA,NA,NA
"Martin Laird","Martin Laird",2018,NA,NA,42,3,0,70.839,73,26.06,63.22,299,4.6,65.9,2760.583,28.83,59.15,0.282,0.189,0.47,NA,"0",251,4.303,NA,NA,NA
"Martin Piller","Martin Piller",2018,NA,NA,178,2,0,71.929,79,22.22,58.51,292.2,4.64,60.39,4123,28.52,57.74,0.119,-1.246,-1.127,NA,"0",178,0,NA,NA,NA
"Matt Atkins","Matt Atkins",2018,NA,NA,166,0,0,72.251,56,22.29,57.5,301.4,4.72,63.46,2567,29.12,57.6,-0.198,-0.932,-1.129,NA,"0",166,0,NA,NA,NA
"Matt Every","Matt Every",2018,NA,NA,152,1,0,72.044,79,19.61,55.5,294.2,4.64,64.59,3872.5,29.24,52.51,-0.364,-0.775,-1.139,NA,"0",152,0,NA,NA,NA
"Matt Jones","Matt Jones",2018,NA,NA,62,0,0,71.112,70,25.9,59.38,304.5,4.64,66.49,2285,29.02,60.16,-0.034,0.139,0.104,NA,"0",263,9.209,NA,NA,NA
"Matt Kuchar","Matt Kuchar",2018,NA,NA,89,4,0,70.461,88,21.69,63.27,288,4.66,66.81,3037.333,28.85,63.6,0.348,0.228,0.576,28,"1",22,78.879,NA,NA,NA
"Michael Kim","Michael Kim",2018,NA,NA,171,1,1,71.662,74,20.18,54.89,289.9,4.67,60.63,3150.417,28.54,56.05,0.259,-1.262,-1.003,NA,"0",171,0,NA,NA,NA
"Michael Thompson","Michael Thompson",2018,NA,NA,94,0,0,70.924,62,24.49,64.66,296.4,4.63,70.11,2745.917,29.62,55.77,0.498,-0.446,0.052,NA,"0",131,31.913,NA,NA,NA
"Nate Lashley","Nate Lashley",2018,NA,NA,140,0,0,70.999,51,18.75,60.58,293.9,4.64,68.2,1734.167,29.32,60.59,0.082,0.228,0.31,NA,"0",140,0,NA,NA,NA
"Nicholas Lindheim","Nicholas Lindheim",2018,NA,NA,146,1,0,71.344,77,23.71,60.44,293.5,4.73,68.04,2867.167,29.25,53.9,0.355,-0.678,-0.323,NA,"0",146,0,NA,NA,NA
"Nick Taylor","Nick Taylor",2018,NA,NA,148,2,0,71.269,94,14.6,60.94,292.7,4.63,67.65,3867.75,29.48,61.83,-0.312,0.077,-0.235,NA,"0",252,16.161,NA,NA,NA
"Nick Watney","Nick Watney",2018,NA,NA,94,1,0,70.862,94,26.53,56.33,307.5,4.69,67.96,4342.583,29.26,55.68,0.2,0.143,0.343,NA,"0",167,1.904,NA,NA,NA
"Ollie Schniederjans","Ollie Schniederjans",2018,NA,NA,87,3,0,70.641,91,16.98,52.22,301.4,4.64,62.77,4188.25,28.44,56.95,0.325,-0.071,0.254,NA,"0",205,8.813,NA,NA,NA
"Pat Perez","Pat Perez",2018,NA,NA,97,4,1,70.594,82,24.17,65.09,290.9,4.66,67.78,2697.417,29.29,55.63,0.115,-0.163,-0.048,99,"1",89,2.71,NA,NA,NA
"Patrick Cantlay","Patrick Cantlay",2018,NA,NA,16,7,1,69.899,87,20.98,61.58,303.1,4.56,70.69,3449.167,29.8,57.58,-0.182,1.278,1.096,99,"1",19,23.538,NA,NA,NA
"Patrick Reed","Patrick Reed",2018,NA,NA,40,7,1,70.106,94,18.55,55.11,298.1,4.6,63.57,3420.833,28.33,62.94,0.164,0.783,0.947,1,"1",16,26.295,NA,NA,NA
"Patrick Rodgers","Patrick Rodgers",2018,NA,NA,66,3,0,70.731,97,24.71,61.14,303.5,4.65,65.65,4185.25,29.1,57.22,0.561,-0.328,0.232,NA,"0",140,8.498,NA,NA,NA
"Patton Kizzire","Patton Kizzire",2018,NA,NA,92,4,2,70.841,92,18.37,55.59,298.7,4.61,69.04,3961,29.53,55.24,0.03,-0.063,-0.033,99,"1",96,16.8,NA,NA,NA
"Paul Casey","Paul Casey",2018,NA,NA,19,5,1,69.85,74,22.04,63.14,304.3,4.57,67.84,2370.667,29.07,60.58,0.133,0.833,0.966,15,"1",15,70.387,NA,NA,NA
"Peter Malnati","Peter Malnati",2018,NA,NA,119,0,0,70.841,87,23.01,56.86,290.9,4.71,62.99,3976,28.07,61.3,0.619,-0.374,0.244,NA,"0",285,5.998,NA,NA,NA
"Peter Uihlein","Peter Uihlein",2018,NA,NA,73,4,0,70.578,83,20,52.93,302.2,4.58,67.88,3338.583,29.41,57.87,0.021,0.247,0.268,NA,"0",103,0,NA,NA,NA
"Phil Mickelson","Phil Mickelson",2018,NA,NA,18,6,1,70.098,90,22.58,52.91,300.3,4.56,64.88,3724.333,28.11,58.36,0.51,0.42,0.931,36,"1",21,71.653,NA,NA,NA
"Rafa Cabrera Bello","Rafa Cabrera Bello",2018,NA,NA,8,5,0,69.887,75,19.67,67.85,295.1,4.61,70.16,2341.583,29.47,57.98,0.273,0.839,1.112,NA,"0",31,35.848,NA,NA,NA
"Retief Goosen","Retief Goosen",2018,NA,NA,189,1,0,71.409,60,14.55,55.22,296.2,4.73,61.75,1984.917,29.12,56.98,-0.411,-0.085,-0.497,NA,"0",189,0,NA,NA,NA
"Richy Werenski","Richy Werenski",2018,NA,NA,138,2,0,71.185,98,20.69,65.06,291.8,4.63,66.97,3695.25,29.36,56.49,-0.109,-0.014,-0.124,NA,"0",181,1.92,NA,NA,NA
"Rickie Fowler","Rickie Fowler",2018,NA,NA,4,6,0,69.435,74,19.5,65.33,299.8,4.57,69.52,2818.083,28.99,63.05,0.296,0.98,1.275,2,"1",8,86.733,NA,NA,NA
"Ricky Barnes","Ricky Barnes",2018,NA,NA,128,1,0,71.663,65,20.11,47.15,290.6,4.55,63.75,2339.833,28.25,57.4,0.338,-0.703,-0.365,NA,"0",128,0,NA,NA,NA
"Rob Oppenheim","Rob Oppenheim",2018,NA,NA,154,0,0,71.532,74,20.94,56.26,285.2,4.65,64.05,2587.167,28.91,59.55,0.045,-0.586,-0.542,NA,"0",154,0,NA,NA,NA
"Robert Garrigus","Robert Garrigus",2018,NA,NA,149,1,0,71.457,80,20.6,56.37,307.9,4.73,65.28,3787.583,29.2,56.84,-0.569,0.356,-0.213,NA,"0",149,0,NA,NA,NA
"Robert Streb","Robert Streb",2018,NA,NA,190,1,0,71.905,78,20.76,54.11,292.6,4.73,64.94,3239.75,29.51,52.89,-0.081,-0.5,-0.581,NA,"0",231,3.901,NA,NA,NA
"Roberto Díaz","Roberto Díaz",2018,NA,NA,186,0,0,71.731,72,17,63.2,286.3,4.72,63.73,3001,29.21,58.56,0.168,-1.001,-0.833,NA,"0",186,0,NA,NA,NA
"Rod Pampling","Rod Pampling",2018,NA,NA,191,0,0,72.445,62,17.49,63.69,288.4,4.82,62.64,2737,29.31,56.67,-0.421,-0.673,-1.094,NA,"0",191,0,NA,NA,NA
"Rory McIlroy","Rory McIlroy",2018,NA,NA,11,7,1,69.303,64,20.81,55.79,319.7,4.51,66.3,2450.333,28.46,62.97,0.06,1.351,1.412,5,"1",4,177.733,NA,NA,NA
"Rory Sabbatini","Rory Sabbatini",2018,NA,NA,39,1,0,70.693,91,19.4,62.05,292.3,4.57,67.85,3706.917,29.07,61.36,0.059,0.299,0.358,NA,"0",216,6.416,NA,NA,NA
"Russell Henley","Russell Henley",2018,NA,NA,97,3,0,70.489,77,17.96,70.03,293,4.67,68.77,3153.417,29.8,54.33,0.167,0.374,0.541,15,"1",117,9.298,NA,NA,NA
"Russell Knox","Russell Knox",2018,NA,NA,69,3,0,70.568,94,24.03,67.7,291.7,4.66,69.57,3401.417,29.7,59.43,-0.088,0.471,0.383,NA,"0",62,22.109,NA,NA,NA
"Ryan Armour","Ryan Armour",2018,NA,NA,81,3,1,70.758,109,25.18,73.58,283.5,4.61,68.22,4089.333,29.31,60.13,-0.058,0.395,0.337,NA,"0",116,7.8,NA,NA,NA
"Ryan Blaum","Ryan Blaum",2018,NA,NA,106,2,0,70.993,81,17.02,64.31,289,4.64,66.1,3816.167,29.13,55.46,0.025,-0.058,-0.033,NA,"0",273,4.64,NA,NA,NA
"Ryan Moore","Ryan Moore",2018,NA,NA,77,5,0,70.015,78,22.91,71.94,289.2,4.62,68.8,2926.75,29.17,64.16,-0.271,1.211,0.941,28,"1",82,10.79,NA,NA,NA
"Ryan Palmer","Ryan Palmer",2018,NA,NA,51,3,0,71.031,69,23.96,59.11,305.2,4.57,65.61,3246.667,28.92,55.38,-0.528,0.297,-0.231,NA,"0",69,18.403,NA,NA,NA
"Sam Ryder","Sam Ryder",2018,NA,NA,60,3,0,70.914,82,21.61,66.91,297.3,4.63,72.08,3264.083,29.88,56.47,-0.349,0.503,0.154,NA,"0",158,6.67,NA,NA,NA
"Sam Saunders","Sam Saunders",2018,NA,NA,49,4,0,70.794,80,20.37,60.14,302.8,4.58,65.02,3866.167,28.73,55.79,0.094,0.132,0.226,NA,"0",270,4.982,NA,NA,NA
"Satoshi Kodaira","Satoshi Kodaira",2018,NA,NA,182,1,1,72.182,51,16.15,65.53,293.6,4.78,60.3,2676.667,29.88,51.02,-0.645,-1.187,-1.832,28,"1",65,4.033,NA,NA,NA
"Scott Brown","Scott Brown",2018,NA,NA,159,2,0,71.329,102,23.34,62.03,292.6,4.72,65.65,4875.583,29.1,54.79,0.049,-0.71,-0.661,NA,"0",246,17.682,NA,NA,NA
"Scott Piercy","Scott Piercy",2018,NA,NA,102,2,1,70.736,84,18.58,65.68,296.6,4.63,69.72,3485.25,29.86,55.96,-0.569,0.859,0.29,NA,"0",110,17.493,NA,NA,NA
"Scott Stallings","Scott Stallings",2018,NA,NA,120,2,0,70.719,96,22.46,56.57,299.7,4.63,65.62,4357.167,29.14,60.86,-0.07,0.341,0.27,NA,"0",159,22.16,NA,NA,NA
"Seamus Power","Seamus Power",2018,NA,NA,116,2,0,70.869,86,21.13,55.19,302.6,4.6,65.17,3582.333,28.68,63.8,0.498,-0.319,0.178,NA,"0",116,0,NA,NA,NA
"Sean O'Hair","Sean O'Hair",2018,NA,NA,137,2,0,71.479,67,18.82,60.09,302.7,4.64,63.84,3302.417,28.97,57.56,-0.207,-0.026,-0.233,NA,"0",214,5.88,NA,NA,NA
"Shane Lowry","Shane Lowry",2018,NA,NA,110,0,0,70.754,64,20.12,61.2,300.7,4.7,68.65,2746.833,30.04,53.48,-0.286,0.524,0.238,NA,"0",47,52.89,NA,NA,NA
"Shawn Stefani","Shawn Stefani",2018,NA,NA,133,1,0,71.192,76,20.4,56.52,299.6,4.59,67.49,2966.917,29.27,58.43,-0.034,0.141,0.107,NA,"0",133,0,NA,NA,NA
"Si Woo Kim","Si Woo Kim",2018,NA,NA,155,5,0,71.367,108,22.93,60.68,290.8,4.67,63.78,4032,29,57.23,-0.168,0.077,-0.092,24,"1",155,0,NA,NA,NA
"Stephan Jaeger","Stephan Jaeger",2018,NA,NA,160,0,0,71.356,81,18.41,58.76,299.2,4.58,67.11,3139.083,29.61,56.76,-0.144,0.054,-0.09,NA,"0",160,0,NA,NA,NA
"Steve Wheatcroft","Steve Wheatcroft",2018,NA,NA,158,1,0,71.631,60,17.69,69.79,288.9,4.64,66.57,2419.917,29.29,61.03,-0.128,-0.211,-0.339,NA,"0",158,0,NA,NA,NA
"Stewart Cink","Stewart Cink",2018,NA,NA,55,3,0,70.44,87,20.5,57.6,298.1,4.66,68.58,3046.5,29.53,55.69,-0.345,0.81,0.465,NA,"0",94,4.672,NA,NA,NA
"Sung Kang","Sung Kang",2018,NA,NA,167,2,0,71.954,89,17.78,56.72,293.1,4.71,63.2,3731.333,29.24,52.4,-0.235,-0.806,-1.041,NA,"0",167,0,NA,NA,NA
"Talor Gooch","Talor Gooch",2018,NA,NA,145,0,0,71.149,78,19.42,57.31,298.9,4.7,63.58,3683.583,28.94,59.53,0.031,-0.194,-0.163,NA,"0",150,36.282,NA,NA,NA
"Ted Potter, Jr.","Ted Potter, Jr.",2018,NA,NA,127,1,1,71.024,87,18.89,66.83,286,4.67,63.03,3875.417,28.45,57.51,0.074,-0.169,-0.094,99,"1",127,0,NA,NA,NA
"Tiger Woods","Tiger Woods",2018,NA,NA,25,7,1,69.35,68,27.44,59.35,303.6,4.57,67.4,2415.833,28.49,64.16,0.266,1.33,1.596,32,"1",13,20.846,NA,NA,NA
"Tom Hoge","Tom Hoge",2018,NA,NA,108,3,0,70.945,101,19.78,62.43,291.4,4.62,63.62,4480.917,28.45,61.41,-0.162,0.235,0.074,NA,"0",279,5.037,NA,NA,NA
"Tom Lovelady","Tom Lovelady",2018,NA,NA,74,2,0,71.252,87,24.9,54.73,315.9,4.57,67.08,4004.917,29.56,52.08,-0.049,-0.14,-0.19,NA,"0",74,0,NA,NA,NA
"Tommy Fleetwood","Tommy Fleetwood",2018,NA,NA,2,6,0,69.342,73,21.59,64.98,306.9,4.48,69.36,2993.417,29.3,55.77,0.324,1.282,1.606,17,"1",11,50.588,NA,NA,NA
"Tony Finau","Tony Finau",2018,NA,NA,13,11,0,69.52,105,24.48,55.09,315.1,4.49,70.18,3848.583,29.03,57.22,0.232,1.203,1.435,10,"1",14,20.077,NA,NA,NA
"Trey Mullinax","Trey Mullinax",2018,NA,NA,85,3,0,70.815,75,20.48,54.94,318.3,4.61,65.38,4027.5,29.13,54.42,0.072,-0.144,-0.072,NA,"0",227,11.97,NA,NA,NA
"Troy Merritt","Troy Merritt",2018,NA,NA,65,3,1,70.888,89,22.86,62.93,295.4,4.62,65.16,4247.5,28.74,57.6,0.077,0.132,0.209,NA,"0",200,4.9,NA,NA,NA
"Tyler Duncan","Tyler Duncan",2018,NA,NA,115,2,0,71.04,97,18.84,66.74,294.4,4.66,69.65,4105.583,30.19,52.76,-0.566,0.583,0.017,NA,"0",115,0,NA,NA,NA
"Tyrone Van Aswegen","Tyrone Van Aswegen",2018,NA,NA,168,1,0,71.243,101,18.77,56.98,290.3,4.67,65.23,4358.083,28.98,58.08,-0.01,-0.313,-0.323,NA,"0",168,0,NA,NA,NA
"Tyrrell Hatton","Tyrrell Hatton",2018,NA,NA,107,4,0,70.091,58,19.85,61.84,298.8,4.67,66.46,1815.583,29.2,62.58,0.335,0.603,0.938,44,"1",37,13.74,NA,NA,NA
"Vaughn Taylor","Vaughn Taylor",2018,NA,NA,103,3,0,70.692,83,20.93,67.51,286.1,4.62,67.02,3302.333,29.15,59.91,-0.08,0.299,0.219,NA,"0",220,17.66,NA,NA,NA
"Webb Simpson","Webb Simpson",2018,NA,NA,15,9,1,69.293,95,22.22,62.34,293.7,4.54,67.93,3484,28.47,66.1,0.692,0.741,1.432,20,"1",20,22.339,NA,NA,NA
"Wesley Bryan","Wesley Bryan",2018,NA,NA,182,0,0,71.552,69,16.67,55.41,280.4,4.74,61.28,2340.25,28.1,60.17,0.36,-0.814,-0.454,99,"1",182,0,NA,NA,NA
"Whee Kim","Whee Kim",2018,NA,NA,105,3,0,71.477,93,18.73,61.11,285.8,4.7,63.55,4034.333,28.7,58.56,0.427,-0.864,-0.437,NA,"0",105,0,NA,NA,NA
"William McGirt","William McGirt",2018,NA,NA,147,3,0,70.791,84,17.2,59.89,289.3,4.68,67.59,3691.917,29.28,62.86,0.2,-0.021,0.178,NA,"0",147,0,NA,NA,NA
"Xander Schauffele","Xander Schauffele",2018,NA,NA,66,7,0,70.486,96,20.3,59.77,304.9,4.61,65.59,3957.083,29.18,57.81,0.196,0.448,0.644,50,"1",9,77.318,NA,NA,NA
"Xinjun Zhang","Xinjun Zhang",2018,NA,NA,118,1,0,71.486,81,20.54,65.33,298.7,4.65,67.04,3063.333,29.67,58.2,-0.437,-0.297,-0.734,NA,"0",118,0,NA,NA,NA
"Zac Blair","Zac Blair",2018,NA,NA,126,0,0,71.215,64,27.46,62.76,279.5,4.66,66.48,2253.167,28.97,61.43,0.203,0.12,0.323,NA,"0",126,0,NA,NA,NA
"Zach Johnson","Zach Johnson",2018,NA,NA,27,2,0,69.911,94,20.67,63.88,289.8,4.63,67.43,2941.25,28.62,62.35,0.206,0.829,1.035,36,"1",85,5.861,NA,NA,NA
"Zecheng Dou","Zecheng Dou",2018,NA,NA,192,0,0,72.773,53,18.64,54.76,291.9,4.8,63.72,2121.5,30,51.56,-0.667,-0.531,-1.198,NA,"0",192,0,NA,NA,NA
